.Random.seed <-
c(403L, 10L, 922589119L, -1416532922L, 1368406736L, -1979300621L, 
-1319804399L, -1156246464L, 1057069086L, -61135127L, 260928539L, 
-1897882582L, 1388625740L, -735795953L, 1142925381L, -154234372L, 
994279506L, 2081335757L, 1218673543L, -1863258514L, 226319944L, 
-1582876597L, 400118185L, -1894568712L, 878409766L, -1172084415L, 
67675859L, -490418558L, -1048480588L, -1303630793L, 2056146733L, 
418892868L, 1500877162L, -350728747L, 341224303L, 58462838L, 
-1138997856L, -805842333L, -659565823L, 1257130608L, 461612558L, 
-688902535L, -822216181L, 28455738L, 694864444L, -174782081L, 
-225918251L, 873550572L, 1551565890L, -1185236067L, -1353919977L, 
764290942L, -1213709000L, 2108609051L, -1225581703L, -309477944L, 
-1975139850L, -1391012815L, 971925091L, 1002691122L, 1073743748L, 
-729762361L, -1300194147L, -1907500012L, 1041595066L, 908647173L, 
823673055L, -1201612442L, 191794416L, 195901459L, -785322575L, 
-119019424L, -2072779266L, 2026426761L, 1535362747L, -425360758L, 
-90366612L, -1079153937L, -739388123L, -1261706276L, 1314279858L, 
1627541677L, -1127260057L, -252508274L, -1309478808L, -698688405L, 
-1987951095L, 920103064L, 869700550L, -304404703L, 1347404723L, 
-1986352350L, 895458580L, -246411881L, -345295475L, 512447652L, 
-356419958L, -1402082059L, -103484593L, 1703406678L, 1981312768L, 
533162563L, -906276383L, -122997424L, -74634322L, 1218333017L, 
-660654229L, 937854682L, -2052552804L, -1389945953L, -1179876875L, 
1596404876L, 849403234L, -1824288451L, -1022035529L, 1744338526L, 
-1583704168L, 588814075L, -334274919L, 1979074344L, 1377992150L, 
1021846097L, -1837008637L, -2079427438L, 1595460132L, -949054233L, 
-1212298947L, -327705164L, 2139677210L, -935712411L, 1443928063L, 
-754463098L, -842902000L, -1229091661L, 344033105L, -510399744L, 
-30338594L, 1420180009L, -500565541L, -10393878L, 1212155020L, 
92572623L, -403782779L, -1588457412L, -773201646L, 194422285L, 
-881871545L, 1062493998L, -1747373432L, -2135370869L, 1366344553L, 
-954909384L, -458076186L, 140052353L, 619618067L, -1513379646L, 
-1407614092L, 320360311L, 1887647853L, -370370812L, 2076567082L, 
-314750059L, 992178223L, -1996289738L, 1748183392L, 228452259L, 
-1030393663L, 486621360L, 1873285070L, -1328217287L, 1394690891L, 
-1635671814L, -92792324L, -1471546817L, 943312661L, 2113805356L, 
1768555778L, 1121988061L, 776219863L, -991938626L, -319413768L, 
-902949413L, 438156345L, -769749624L, 1505904950L, -5860495L, 
2011926947L, -1835479822L, 1698271300L, 1085801223L, 1737282269L, 
6339540L, -2097087750L, 224796229L, -1246198113L, 1448893478L, 
166099120L, 1879851347L, -326878095L, -1234583136L, -339698370L, 
911113289L, 1911027963L, -313069366L, -947075540L, -1010427345L, 
621286117L, 847456156L, -2030988814L, -2015953811L, -396178009L, 
1761097678L, -871000792L, -1078753493L, 1236766025L, -780004776L, 
1876962054L, 1289455329L, 2109575795L, -1304585502L, 1901471316L, 
342224727L, 638665549L, 980100836L, 1379919562L, -1580472523L, 
1177865615L, 514157206L, 653705792L, 435857730L, 2003080448L, 
1673134524L, 1598874960L, -871190238L, 1768755784L, 1717781516L, 
272282204L, 1341875666L, 953441792L, 183548244L, 1094454504L, 
1467693306L, 1550236368L, 540557100L, -280386316L, 1153777042L, 
745697632L, 1318727692L, 933185760L, 1939723874L, 462065832L, 
855810124L, 1752332156L, 396209458L, 806981232L, -969910460L, 
1624796120L, 1189193594L, -1119943632L, 1033455548L, 1568021076L, 
1121138754L, -18250080L, -1934650692L, 804573136L, -348442270L, 
-1812092184L, 314166476L, 168675836L, -591597070L, -1357793152L, 
1759706612L, 808217224L, -405838022L, -22683312L, 1097154668L, 
2125653396L, -94735278L, -614518304L, -212553524L, -1448854880L, 
-1758365310L, 1043205352L, -1236282644L, 507377980L, 313914482L, 
-1845182864L, 953599524L, 1625696312L, -1809459942L, 937152720L, 
349240636L, -524992620L, 355647362L, 1168859072L, 1543423548L, 
-259929712L, -24746974L, 575994120L, -497175412L, -1620286692L, 
900061330L, 2107246976L, -360227820L, 1567907624L, -598768070L, 
999780816L, 1202614636L, -1909360716L, -251953646L, 541516768L, 
-815159860L, 338855136L, -1992781790L, -948455640L, 1018836492L, 
820351804L, 839775218L, 1797712624L, 74426948L, 635692632L, -1227655366L, 
-1390128144L, -1897208132L, 135161108L, -472420158L, -1165697952L, 
464779644L, -1723328560L, -1149003486L, 1947086504L, -1553482868L, 
-52437828L, -2026995918L, -955104704L, -520182604L, 482640968L, 
-580118086L, -932479472L, 1519749356L, 936417620L, -169978094L, 
-1490946656L, -1506534708L, -1420274080L, -655704126L, -1860639960L, 
1192226220L, -206802628L, -1269457038L, 329744688L, 842092324L, 
359048504L, -1589044518L, 298338192L, 499258108L, 605425556L, 
369854530L, 471694592L, -1808536516L, 1753705808L, 908466338L, 
1540765512L, -1641400564L, -1339667748L, -1706593454L, 2122265216L, 
283629652L, -1107891224L, -83839238L, 1144006992L, -2048392404L, 
-1834793100L, -729160814L, -1293044128L, -1157910644L, 1510249312L, 
154879970L, 279101352L, -766862132L, -1435136516L, 1232153522L, 
628345328L, -214488636L, -1951833768L, 1562756474L, 911077808L, 
931811260L, 1690865748L, 526296002L, 1618543648L, 1971166396L, 
-108357040L, -1885700126L, -1006692760L, 2143558220L, 1358651644L, 
482914290L, 1143708928L, -1929152652L, 1371349000L, 1582179770L, 
-1420395056L, 1457767404L, -1128988780L, 1993817042L, 554776416L, 
-1659525812L, 377802016L, 1885733762L, 109460200L, 767042796L, 
232139324L, 113576818L, 292547184L, 177354788L, -1781397704L, 
76967066L, -281873712L, -597344068L, -580970860L, -292608382L, 
-1315087168L, 2085155132L, -1974947696L, -922801630L, 1650943496L, 
-1085685492L, -1466330468L, 843623954L, 98905472L, -2102387180L, 
2049267240L, 815850810L, -817346608L, -1274506644L, 619358004L, 
-1614929262L, -1833518752L, -1027026612L, 246935520L, 417406882L, 
306067368L, 1287539596L, -338204996L, 263195506L, 1973205232L, 
1280989252L, -1910858408L, 948786234L, -1530576016L, 2089206844L, 
1262365460L, 2019576258L, -14745376L, 1879832444L, -1186876271L, 
919806083L, -1822051964L, 1917984690L, 980705543L, 505934673L, 
-904498474L, 1801628596L, -1909042235L, 1545192207L, -1789427320L, 
1296536742L, -1871616941L, 1185506741L, -1627157742L, -1649248032L, 
-1539453623L, 886411131L, -1826989492L, 416277466L, -1928304177L, 
1833058201L, -1799301202L, 1942969532L, -203303635L, 493782743L, 
592547616L, 1135446142L, -629821877L, -790657971L, -950285702L, 
911254200L, -1517709215L, -1652987373L, 1449295924L, 522993218L, 
1639733847L, -2018170463L, -71980442L, 53803620L, 2075216277L, 
-618634561L, -539641256L, 806481526L, 684044931L, -623769915L, 
-365825054L, 2107223632L, 1796889465L, -379375445L, 758437916L, 
-1336314038L, 881823551L, 1975898505L, 1278759326L, 135546956L, 
-2056748515L, -1863110745L, -1516191024L, 1545720942L, 493226779L, 
2017215613L, -1636590998L, -224253176L, -249994319L, 729408547L, 
-1394897628L, -52262446L, 309402151L, 1751172209L, 725113526L, 
-887077292L, -393483547L, 2008786671L, 836694568L, 85890694L, 
103309491L, 108426773L, -587466638L, -1805196096L, 937572649L, 
1436057499L, 1540462700L, 790809722L, 2019808687L, -1015769927L, 
-1487905074L, 475765788L, -1592524915L, 1397709303L, -526013184L, 
1782090590L, 1805540395L, -1118727379L, 1041366938L, 1773415768L, 
989593793L, -1798439053L, -1462287212L, -618532574L, 1425084471L, 
982786305L, 1773933574L, -1960627644L, 1115896693L, -1778688289L, 
1850272312L, 703324694L, 1642141219L, -1636023835L, -1655730174L, 
2126260848L, 681484313L, -2038810101L, 1351045372L, -345125590L, 
2130187103L, -427662615L, -15275522L, -1505085972L, 1391363389L, 
515828999L, -550990608L, 1387958414L, 1468459707L, 1885291165L, 
-755558838L, 1105878120L, -1068747695L, 1323130691L, 719358532L, 
52398322L, -1114262329L, 1188286097L, 40931350L, -1248732556L, 
900766981L, 514528079L, -1198850744L, -1321094938L, 998876691L, 
